
taskB_fscore_macro: 0.736408472198737
taskB_emr: 0.674496644295302
taskB_fscore_HS: 0.7104799320450201
taskB_precision_HS: 0.7149979721508719
taskB_recall_HS: 0.707784368548956
taskB_accuracy_HS: 0.727069351230425
taskB_fscore_TR: 0.7728792341678941
taskB_precision_TR: 0.7917660536061766
taskB_recall_TR: 0.7588763575605681
taskB_accuracy_TR: 0.8456375838926175
taskB_fscore_AG: 0.7258662503832967
taskB_precision_AG: 0.7306642402183804
taskB_recall_AG: 0.7220032840722496
taskB_accuracy_AG: 0.7662192393736018
taskA_fscore: 0.7104799320450201
taskA_precision: 0.7149979721508719
taskA_recall: 0.707784368548956
taskA_accuracy: 0.727069351230425
