
taskB_fscore_macro: 0.7146382324825505
taskB_emr: 0.6
taskB_fscore_HS: 0.7263030872808263
taskB_precision_HS: 0.7255672326829823
taskB_recall_HS: 0.7273788066423892
taskB_accuracy_HS: 0.731
taskB_fscore_TR: 0.7668997668997668
taskB_precision_TR: 0.7660360480718406
taskB_recall_TR: 0.7677781090862318
taskB_accuracy_TR: 0.84
taskB_fscore_AG: 0.6507118432670586
taskB_precision_AG: 0.6471126468232391
taskB_recall_AG: 0.6549536900187211
taskB_accuracy_AG: 0.767
taskA_fscore: 0.7263030872808263
taskA_precision: 0.7255672326829823
taskA_recall: 0.7273788066423892
taskA_accuracy: 0.731
