taskA_fscore: 0.5588686579378068
taskA_precision: 0.5688888888888889
taskA_recall: 0.5617666172125018
taskA_accuracy: 0.586

taskB_fscore_macro: 0.8129048258483301
taskB_emr: 0.45
taskB_fscore_HS: 0.5588686579378068
taskB_precision_HS: 0.5688888888888889
taskB_recall_HS: 0.5617666172125018
taskB_accuracy_HS: 0.586
taskB_fscore_TR: 0.937570303712036
taskB_precision_TR: 0.3901705115346038
taskB_recall_TR: 0.4980793854033291
taskB_accuracy_TR: 0.778
taskB_fscore_AG: 0.9422755158951477
taskB_precision_AG: 0.39769307923771313
taskB_recall_AG: 0.4981155778894472
taskB_accuracy_AG: 0.793
