
taskB_fscore_macro: 0.7049300858019545
taskB_emr: 0.6194444444444445
taskB_fscore_HS: 0.7475533423245841
taskB_precision_HS: 0.7498343620322907
taskB_recall_HS: 0.7459238664057941
taskB_accuracy_HS: 0.7566666666666667
taskB_fscore_TR: 0.733648367724053
taskB_precision_TR: 0.731564828614009
taskB_recall_TR: 0.7358020974215652
taskB_accuracy_TR: 0.8633333333333333
taskB_fscore_AG: 0.6335885473572263
taskB_precision_AG: 0.6385040870259973
taskB_recall_AG: 0.6293816137566137
taskB_accuracy_AG: 0.8094444444444444
taskA_fscore: 0.7475533423245841
taskA_precision: 0.7498343620322907
taskA_recall: 0.7459238664057941
taskA_accuracy: 0.7566666666666667
